Position: 1
0.549452528062 0.130368506575
0.55272882164 0.130305398564
0.555465939537 0.130235661494
0.557917647932 0.130165520163
0.560105697719 0.130097606948
Result: 1 0.560105697719 0.130097606948
Position: 3
0.5494522831 0.130368518742
0.552730274697 0.130305893371
0.555467183367 0.130235600947
0.557919394943 0.130163779267
0.560107859148 0.130092957842
Result: 3 0.560107859148 0.130092957842
Position: 4
0.549466143913 0.130316404511
0.552744519955 0.130252468964
0.555484050583 0.130181095222
0.557934843109 0.130108452768
0.560125412258 0.1300370552
Result: 4 0.560125412258 0.1300370552
Position: 5
0.549466143913 0.130316404511
0.552744519955 0.130252468964
0.555484050583 0.130181095222
0.557934843109 0.130108452768
0.560125412258 0.1300370552
Result: 5 0.560125412258 0.1300370552
Position: 6
0.549493338725 0.130206275225
0.552769081282 0.130139601651
0.555509873608 0.130066943732
0.557964632789 0.129994566402
0.560158244077 0.129925048499
Result: 6 0.560158244077 0.129925048499
Position: 7
0.549505141856 0.130149142796
0.552780787006 0.130081313932
0.555524227227 0.130007747212
0.557978561038 0.129934688814
0.560174797741 0.129864702159
Result: 7 0.560174797741 0.129864702159
Position: 8
0.549505141856 0.130149142796
0.552780787006 0.130081313932
0.555524227227 0.130007747212
0.557978561038 0.129934688814
0.560174797741 0.129864702159
Result: 8 0.560174797741 0.129864702159
Position: 9
0.549493338725 0.130206275225
0.552769081282 0.130139601651
0.555509873608 0.130066943732
0.557964632789 0.129994566402
0.560158244077 0.129925048499
Result: 9 0.560158244077 0.129925048499
Position: 10
0.549505141856 0.130149142796
0.552780787006 0.130081313932
0.555524227227 0.130007747212
0.557978561038 0.129934688814
0.560174797741 0.129864702159
Result: 10 0.560174797741 0.129864702159
Position: 11
0.549505141856 0.130149142796
0.552780787006 0.130081313932
0.555524227227 0.130007747212
0.557978561038 0.129934688814
0.560174797741 0.129864702159
Result: 11 0.560174797741 0.129864702159
Position: 12
0.549493338725 0.130206275225
0.552769081282 0.130139601651
0.555509873608 0.130066943732
0.557964632789 0.129994566402
0.560158244077 0.129925048499
Result: 12 0.560158244077 0.129925048499
Position: 13
0.549323608042 0.130212908009
0.552472286237 0.130151089028
0.55512928774 0.130082589891
0.557517558481 0.13001377308
0.559681367985 0.129947381694
Result: 13 0.559681367985 0.129947381694
Position: 14
0.547777610178 0.13026510513
0.549769819507 0.130251375705
0.55141408314 0.130226335538
0.55290921278 0.130195644729
0.55430126992 0.130161875667
Result: 14 0.55430126992 0.130161875667
Position: 26
0.552180436542 0.129908989447
0.555894699048 0.129842534463
0.558829846498 0.129766472328
0.561337655793 0.12969107345
0.563526079651 0.129619425272
Result: 26 0.563526079651 0.129619425272
Position: 27
0.540236597194 0.13022819226
0.54378679052 0.130130505033
0.547044080813 0.130031103729
0.55001314195 0.129936208217
0.552688887365 0.129847649424
Result: 27 0.552688887365 0.129847649424
Position: 28
0.549505141856 0.130149142796
0.552780787006 0.130081313932
0.555524227227 0.130007747212
0.557978561038 0.129934688814
0.560174797741 0.129864702159
Result: 28 0.560174797741 0.129864702159
Position: 29
0.549813142038 0.13019922314
0.553235642746 0.130142575911
0.556053222289 0.130075018224
0.55852866721 0.130005297379
0.560733972693 0.129937756203
Result: 29 0.560733972693 0.129937756203
Position: 30
0.549399674205 0.130134723043
0.552669598773 0.130068742909
0.555430759253 0.129995925561
0.557894663872 0.129923374076
0.560094604977 0.129853846668
Result: 30 0.560094604977 0.129853846668
Position: 31
0.549505141856 0.130149142796
0.552780787006 0.130081313932
0.555524227227 0.130007747212
0.557978561038 0.129934688814
0.560174797741 0.129864702159
Result: 31 0.560174797741 0.129864702159
Position: 32
0.549505141856 0.130149142796
0.552780787006 0.130081313932
0.555524227227 0.130007747212
0.557978561038 0.129934688814
0.560174797741 0.129864702159
Result: 32 0.560174797741 0.129864702159
Position: 33
0.549505141856 0.130149142796
0.552780787006 0.130081313932
0.555524227227 0.130007747212
0.557978561038 0.129934688814
0.560174797741 0.129864702159
Result: 33 0.560174797741 0.129864702159
Position: 34
0.549505141856 0.130149142796
0.552780787006 0.130081313932
0.555524227227 0.130007747212
0.557978561038 0.129934688814
0.560174797741 0.129864702159
Result: 34 0.560174797741 0.129864702159
Position: 35
0.549505141856 0.130149142796
0.552780787006 0.130081313932
0.555524227227 0.130007747212
0.557978561038 0.129934688814
0.560174797741 0.129864702159
Result: 35 0.560174797741 0.129864702159
Position: 36
0.549505141856 0.130149142796
0.552780787006 0.130081313932
0.555524227227 0.130007747212
0.557978561038 0.129934688814
0.560174797741 0.129864702159
Result: 36 0.560174797741 0.129864702159
Position: 37
0.549522647126 0.130141840187
0.552821969434 0.130074119388
0.55557722489 0.130000343208
0.558037216458 0.129927075986
0.56023665957 0.129856936513
Result: 37 0.56023665957 0.129856936513
Position: 38
0.550759686575 0.130069180011
0.554048904923 0.130001203659
0.556885720607 0.129930097617
0.559423502871 0.129859001196
0.561665308263 0.129790613607
Result: 38 0.561665308263 0.129790613607
Position: 39
0.549924704919 0.130087993856
0.553492046734 0.129999903493
0.556443915576 0.129916918155
0.559037368759 0.129838784309
0.56131395702 0.129765906009
Result: 39 0.56131395702 0.129765906009
Position: 40
0.549505141856 0.130149142796
0.552780787006 0.130081313932
0.555524227227 0.130007747212
0.557978561038 0.129934688814
0.560174797741 0.129864702159
Result: 40 0.560174797741 0.129864702159
Position: 41
0.549505141856 0.130149142796
0.552780787006 0.130081313932
0.555524227227 0.130007747212
0.557978561038 0.129934688814
0.560174797741 0.129864702159
Result: 41 0.560174797741 0.129864702159
Position: 42
0.549505141856 0.130149142796
0.552780787006 0.130081313932
0.555524227227 0.130007747212
0.557978561038 0.129934688814
0.560174797741 0.129864702159
Result: 42 0.560174797741 0.129864702159
Position: 43
0.549505141856 0.130149142796
0.552780787006 0.130081313932
0.555524227227 0.130007747212
0.557978561038 0.129934688814
0.560174797741 0.129864702159
Result: 43 0.560174797741 0.129864702159
Position: 44
0.549505141856 0.130149142796
0.552780787006 0.130081313932
0.555524227227 0.130007747212
0.557978561038 0.129934688814
0.560174797741 0.129864702159
Result: 44 0.560174797741 0.129864702159
Position: 45
0.549505141856 0.130149142796
0.552780787006 0.130081313932
0.555524227227 0.130007747212
0.557978561038 0.129934688814
0.560174797741 0.129864702159
Result: 45 0.560174797741 0.129864702159
Position: 46
0.549505141856 0.130149142796
0.552780787006 0.130081313932
0.555524227227 0.130007747212
0.557978561038 0.129934688814
0.560174797741 0.129864702159
Result: 46 0.560174797741 0.129864702159
Position: 47
0.549505141856 0.130149142796
0.552780787006 0.130081313932
0.555524227227 0.130007747212
0.557978561038 0.129934688814
0.560174797741 0.129864702159
Result: 47 0.560174797741 0.129864702159
Position: 48
0.549493338725 0.130206275225
0.55276673253 0.130139335345
0.555508588855 0.130067144218
0.55796146961 0.129996005216
0.560155365053 0.129928558135
Result: 48 0.560155365053 0.129928558135
Position: 49
0.549505141856 0.130149142796
0.552780787006 0.130081313932
0.555524227227 0.130007747212
0.557978561038 0.129934688814
0.560174797741 0.129864702159
Result: 49 0.560174797741 0.129864702159
Position: 50
0.547777610178 0.13026510513
0.549769819507 0.130251375705
0.55141408314 0.130226335538
0.55290921278 0.130195644729
0.55430126992 0.130161875667
Result: 50 0.55430126992 0.130161875667
Position: 55
0.549505141856 0.130149142796
0.552780787006 0.130081313932
0.555524227227 0.130007747212
0.557978561038 0.129934688814
0.560174797741 0.129864702159
Result: 55 0.560174797741 0.129864702159
Position: 56
0.549419007756 0.13014645399
0.552716687954 0.130079193555
0.555447470842 0.130006049877
0.557944810755 0.129933345843
0.560153015436 0.129863664797
Result: 56 0.560153015436 0.129863664797