Position: 1
0.559306590886 0.129277772698
0.56533431909 0.129179759034
0.569247405979 0.129115506605
0.572163666573 0.129069576043
0.574477934018 0.129035694686
Result: 1 0.574477934018 0.129035694686
Position: 3
0.559300137147 0.129278498646
0.565321876752 0.129184270968
0.569224386471 0.129125214791
0.572131011127 0.129085415853
0.574433918101 0.129058450065
Result: 3 0.574433918101 0.129058450065
Position: 4
0.559300137147 0.129278498646
0.565321876752 0.129184270968
0.569224386471 0.129125214791
0.572131011127 0.129085415853
0.574433918101 0.129058450065
Result: 4 0.574433918101 0.129058450065
Position: 5
0.559300137147 0.129278498646
0.565321876752 0.129184270968
0.569224386471 0.129125214791
0.572131011127 0.129085415853
0.574433918101 0.129058450065
Result: 5 0.574433918101 0.129058450065
Position: 6
0.559300137147 0.129278498646
0.565321876752 0.129184270968
0.569224386471 0.129125214791
0.572131011127 0.129085415853
0.574433918101 0.129058450065
Result: 6 0.574433918101 0.129058450065
Position: 7
0.559300137147 0.129278498646
0.565321876752 0.129184270968
0.569224386471 0.129125214791
0.572131011127 0.129085415853
0.574433918101 0.129058450065
Result: 7 0.574433918101 0.129058450065
Position: 8
0.559300137147 0.129278498646
0.565321876752 0.129184270968
0.569224386471 0.129125214791
0.572131011127 0.129085415853
0.574433918101 0.129058450065
Result: 8 0.574433918101 0.129058450065
Position: 9
0.559300137147 0.129278498646
0.565321876752 0.129184270968
0.569224386471 0.129125214791
0.572131011127 0.129085415853
0.574433918101 0.129058450065
Result: 9 0.574433918101 0.129058450065
Position: 10
0.559300137147 0.129278498646
0.565321876752 0.129184270968
0.569224386471 0.129125214791
0.572131011127 0.129085415853
0.574433918101 0.129058450065
Result: 10 0.574433918101 0.129058450065
Position: 11
0.559300137147 0.129278498646
0.565321876752 0.129184270968
0.569224386471 0.129125214791
0.572131011127 0.129085415853
0.574433918101 0.129058450065
Result: 11 0.574433918101 0.129058450065
Position: 12
0.559300137147 0.129278498646
0.565321876752 0.129184270968
0.569224386471 0.129125214791
0.572131011127 0.129085415853
0.574433918101 0.129058450065
Result: 12 0.574433918101 0.129058450065
Position: 13
0.558905628217 0.129281843057
0.564713532747 0.129187799058
0.568503973235 0.129126629743
0.571350440421 0.129083227921
0.573634676682 0.129051502575
Result: 13 0.573634676682 0.129051502575
Position: 14
0.55606678223 0.129320645861
0.560370628401 0.129257112362
0.563071597982 0.129220951751
0.565070877201 0.12919921625
0.566667063159 0.129186836649
Result: 14 0.566667063159 0.129186836649
Position: 26
0.56039479433 0.129314781891
0.567274835682 0.129209814038
0.571440183819 0.129143727448
0.574425615331 0.129098567747
0.576725134913 0.129067190308
Result: 26 0.576725134913 0.129067190308
Position: 27
0.552358909197 0.129406275143
0.557845496261 0.129335282002
0.561561979562 0.129289484597
0.564416491299 0.129258380429
0.56675057242 0.129237472352
Result: 27 0.56675057242 0.129237472352
Position: 28
0.559300137147 0.129278498646
0.565321876752 0.129184270968
0.569224386471 0.129125214791
0.572131011127 0.129085415853
0.574433918101 0.129058450065
Result: 28 0.574433918101 0.129058450065
Position: 29
0.556801191152 0.12934987853
0.563509261715 0.129245451706
0.567795704059 0.129177786418
0.570969920548 0.129130720542
0.573476864695 0.129097499274
Result: 29 0.573476864695 0.129097499274
Position: 30
0.559717653192 0.129276405422
0.565740649884 0.129179334095
0.569611183133 0.129119072181
0.572477251311 0.129078569669
0.57473740176 0.129051128034
Result: 30 0.57473740176 0.129051128034
Position: 31
0.559300137147 0.129278498646
0.565321876752 0.129184270968
0.569224386471 0.129125214791
0.572131011127 0.129085415853
0.574433918101 0.129058450065
Result: 31 0.574433918101 0.129058450065
Position: 32
0.530034227572 0.129700416395
0.536117243979 0.129679000448
0.540430560667 0.129673397495
0.543846295814 0.129674916509
Result: 32 0.540430560667 0.129673397495
Position: 33
0.530034227572 0.129700416395
0.536117243979 0.129679000448
0.540430560667 0.129673397495
0.543846295814 0.129674916509
Result: 33 0.540430560667 0.129673397495
Position: 34
0.530034227572 0.129700416395
0.536117243979 0.129679000448
0.540430560667 0.129673397495
0.543846295814 0.129674916509
Result: 34 0.540430560667 0.129673397495
Position: 35
0.530034227572 0.129700416395
0.536117243979 0.129679000448
0.540430560667 0.129673397495
0.543846295814 0.129674916509
Result: 35 0.540430560667 0.129673397495
Position: 36
0.530034227572 0.129700416395
0.536117243979 0.129679000448
0.540430560667 0.129673397495
0.543846295814 0.129674916509
Result: 36 0.540430560667 0.129673397495
Position: 37
0.529148504495 0.129722215893
0.535495899987 0.129726542986
Result: 37 0.529148504495 0.129722215893
Position: 38
0.532212616636 0.129737107652
0.541023452183 0.12973328924
0.545526979239 0.129742650099
Result: 38 0.541023452183 0.12973328924
Position: 39
0.531569430683 0.129729489835
0.538490932855 0.129727690726
0.542936324385 0.129738753767
Result: 39 0.538490932855 0.129727690726
Position: 40
0.528997417146 0.129721937007
0.535444123098 0.129726033675
Result: 40 0.528997417146 0.129721937007
Position: 41
0.528997417146 0.129721937007
0.535444123098 0.129726033675
Result: 41 0.528997417146 0.129721937007
Position: 42
0.528997417146 0.129721937007
0.535444123098 0.129726033675
Result: 42 0.528997417146 0.129721937007
Position: 43
0.528997417146 0.129721937007
0.535444123098 0.129726033675
Result: 43 0.528997417146 0.129721937007
Position: 44
0.528997417146 0.129721937007
0.535444123098 0.129726033675
Result: 44 0.528997417146 0.129721937007
Position: 45
0.528997417146 0.129721937007
0.535444123098 0.129726033675
Result: 45 0.528997417146 0.129721937007
Position: 46
0.528997417146 0.129721937007
0.535444123098 0.129726033675
Result: 46 0.528997417146 0.129721937007
Position: 47
0.528997417146 0.129721937007
0.535444123098 0.129726033675
Result: 47 0.528997417146 0.129721937007
Position: 48
0.529216385472 0.12971451181
0.535582321413 0.129706835893
0.540121276885 0.129711394392
Result: 48 0.535582321413 0.129706835893
Position: 49
0.528997417146 0.129721937007
0.535444123098 0.129726033675
Result: 49 0.528997417146 0.129721937007
Position: 50
0.518270930952 0.129760560191
0.519623235089 0.129791353636
Result: 50 0.518270930952 0.129760560191
Position: 55
0.528997417146 0.129721937007
0.535444123098 0.129726033675
Result: 55 0.528997417146 0.129721937007
Position: 56
0.528837176578 0.129723935653
0.535340854341 0.129727395912
Result: 56 0.528837176578 0.129723935653